5
5
5
8
8
10
10
10
13
15
16
17
19
19
20
20
20
24
24
25
26
27
27
28
29
30
30
31
33
33
34
34
34
34
36
36
38
40
41
42
42
43
46
47
48
51
51
52
54
55
56
58
59
59
60
60
60
61
63
65
66
67
68
68
71
73
74
74
74
75
75
80
81
81
81
81
82
82
83
85
86
86
87
91
91
91
92
92
93
93
93
93
93
94
94
95
96
96
96
97
97
97
98
99
101
102
102
102
102
102
104
105
107
107
108
108
108
112
116
117
118
119
119
120
121
121
123
124
127
128
128
130
130
131
134
135
138
139
139
139
141
141
141
142
142
144
144
144
148
149
150
151
151
151
152
154
154
157
157
158
161
161
163
164
166
166
167
168
170
172
172
173
173
173
177
180
184
184
185
185
186
186
186
187
187
190
190
190
190
193
195
195
196
196
197
197
199
199
200
200
201
201
204
204
205
206
206
207
208
209
209
210
212
213
215
218
219
220
221
222
223
225
230
231
231
231
231
232
234
236
236
239
241
243
245
246
246
249
251
256
259
259
260
260
260
262
262
263
263
264
264
264
266
267
271
274
274
275
275
277
278
279
280
280
285
287
287
288
289
291
291
292
292
294
295
295
296
299
299
300
300
301
301
304
305
310
312
314
316
316
317
317
319
320
320
321
322
322
323
323
323
323
324
325
326
327
329
329
330
332
332
332
333
334
336
336
337
338
338
339
340
340
342
343
343
344
344
347
347
348
350
351
351
352
354
358
358
359
359
359
362
362
363
365
365
366
366
366
366
366
366
368
370
370
375
376
377
378
379
380
380
380
381
382
386
386
387
387
388
390
393
394
394
395
396
397
397
399
399
399
399
401
401
401
401
403
403
404
404
405
406
407
407
407
408
408
409
411
414
414
415
416
416
417
417
417
417
419
419
419
422
425
425
426
427
428
429
430
430
432
434
436
437
438
440
441
441
441
442
446
446
446
446
448
450
452
453
454
454
456
457
458
459
464
465
466
467
467
469
470
472
475
475
476
477
478
478
478
479
479
480
481
486
492
492
493
493
495
495
496
497
498
498
498
498
499
505
507
508
509
509
510
511
511
511
511
511
512
513
516
516
517
518
519
520
522
523
524
524
525
525
525
527
527
528
528
529
530
530
530
532
533
535
536
536
536
536
537
538
539
539
540
540
541
541
542
542
544
544
544
546
548
549
550
551
552
553
555
555
555
556
557
559
559
562
562
563
564
564
565
565
566
567
567
569
570
571
572
574
574
575
576
576
576
577
577
578
578
578
579
581
582
583
583
584
584
585
585
585
586
587
588
592
594
594
595
595
595
595
595
596
600
602
603
603
603
606
606
606
607
609
609
609
611
611
611
612
614
616
618
619
620
621
623
624
625
625
625
626
626
628
630
631
634
635
636
637
638
639
639
639
640
640
642
642
643
643
644
644
644
646
647
648
648
648
649
655
655
657
661
662
663
663
664
665
666
666
667
668
668
670
672
672
672
672
673
673
674
675
675
675
677
677
677
677
679
679
681
681
682
682
683
683
684
684
686
686
690
690
692
693
693
694
696
698
700
702
707
708
708
708
709
710
713
713
715
716
717
718
719
720
721
722
723
723
725
727
728
731
731
732
732
734
735
738
739
740
740
740
741
743
744
745
745
746
746
747
748
748
748
748
749
749
750
751
751
751
752
752
753
754
756
760
761
761
763
763
764
768
769
769
773
773
773
774
774
776
777
777
780
781
782
784
785
787
787
788
789
791
791
792
792
793
797
801
802
802
803
803
804
805
806
807
808
808
810
811
811
814
817
818
821
821
824
825
825
826
828
828
828
829
829
829
831
831
834
834
834
835
837
837
839
840
840
841
841
843
847
847
848
849
850
852
857
858
859
859
860
862
865
866
866
868
868
869
870
870
871
871
872
872
873
873
874
878
879
882
883
884
884
886
887
889
890
891
892
892
895
895
898
899
900
900
900
901
901
903
903
904
904
905
907
908
908
909
910
911
915
916
919
920
921
921
922
923
924
927
928
929
930
931
931
934
934
935
935
936
937
937
937
938
940
940
941
942
942
942
942
945
946
948
949
950
950
950
950
952
952
953
954
954
955
956
956
958
959
960
960
961
962
963
963
967
968
968
968
969
969
970
970
971
972
972
974
976
978
978
979
979
979
981
982
982
984
984
985
985
986
987
987
989
991
991
993
995
997
998
999
999
1000
1001
1002
1003
1005
1007
1008
1009
1009
1009
1011
1012
1014
1015
1016
1016
1019
1020
1020
1020
1020
1021
1022
1022
1022
1023
1023
1023
1024
1024
1025
1025
1025
1025
1027
1027
1028
1028
1031
1033
1035
1036
1036
1038
1039
1040
1041
1041
1041
1042
1043
1048
1048
1048
1049
1050
1050
1051
1052
1056
1057
1058
1058
1060
1060
1060
1061
1066
1067
1067
1069
1069
1070
1074
1075
1076
1076
1077
1077
1077
1079
1079
1081
1081
1082
1083
1083
1085
1085
1086
1086
1087
1088
1088
1090
1091
1091
1091
1091
1092
1094
1094
1096
1097
1097
1098
1099
1099
1100
1103
1104
1106
1106
1107
1107
1111
1112
1113
1114
1116
1119
1124
1124
1124
1125
1126
1127
1127
1129
1130
1130
1131
1133
1133
1134
1135
1136
1136
1136
1137
1137
1138
1138
1139
1141
1142
1143
1144
1144
1146
1146
1148
1148
1148
1149
1149
1150
1151
1152
1154
1155
1155
1156
1158
1159
1160
1160
1162
1163
1165
1167
1167
1168
1168
1169
1169
1170
1170
1171
1171
1174
1174
1175
1175
1175
1177
1177
1182
1184
1186
1186
1189
1189
1191
1194
1195
1197
1199
1200
1203
1204
1204
1205
1207
1207
1208
1209
1211
1211
1211
1214
1215
1216
1217
1218
1218
1218
1218
1219
1220
1220
1220
1223
1226
1227
1227
1228
1228
1229
1229
1229
1232
1232
1235
1235
1236
1237
1237
1237
1237
1238
1240
1240
1241
1243
1244
1245
1246
1247
1250
1251
1252
1254
1254
1256
1259
1260
1260
1263
1263
1265
1265
1265
1266
1268
1271
1271
1271
1272
1274
1274
1274
1276
1277
1277
1278
1278
1278
1279
1280
1281
1283
1286
1287
1287
1288
1289
1290
1291
1291
1292
1292
1292
1293
1294
1296
1297
1297
1298
1300
1300
1301
1303
1303
1304
1304
1305
1305
1306
1310
1313
1314
1317
1317
1318
1320
1322
1324
1324
1325
1325
1326
1326
1328
1330
1330
1332
1332
1333
1334
1334
1338
1339
1339
1340
1342
1344
1344
1345
1345
1347
1348
1348
1348
1349
1349
1350
1354
1354
1355
1355
1357
1357
1358
1359
1359
1360
1364
1364
1364
1367
1367
1368
1368
1370
1371
1371
1372
1374
1376
1379
1379
1380
1381
1381
1382
1384
1384
1385
1387
1387
1390
1391
1391
1392
1393
1395
1395
1395
1396
1397
1397
1398
1398
1400
1403
1403
1403
1404
1406
1407
1409
1409
1412
1417
1417
1417
1418
1419
1419
1419
1422
1423
1423
1423
1424
1425
1425
1426
1426
1427
1427
1428
1428
1433
1433
1434
1435
1436
1436
1436
1438
1439
1440
1442
1444
1446
1447
1448
1451
1451
1451
1452
1452
1452
1454
1455
1456
1456
1456
1457
1461
1461
1462
1463
1464
1465
1466
1467
1468
1468
1471
1471
1473
1474
1475
1476
1476
1477
1477
1477
1477
1477
1478
1479
1479
1480
1481
1482
1482
1484
1485
1485
1486
1489
1490
1490
1493
1493
1493
1495
1496
1498
1499
1500
1500
1502
1503
1503
1504
1504
1507
1510
1512
1513
1514
1515
1515
1516
1517
1518
1521
1521
1522
1522
1524
1526
1526
1526
1526
1527
1528
1528
1532
1533
1535
1535
1535
1537
1538
1540
1540
1543
1543
1545
1547
1548
1549
1550
1551
1552
1552
1552
1553
1554
1555
1556
1558
1558
1559
1560
1561
1562
1563
1563
1563
1563
1565
1566
1569
1570
1570
1570
1571
1572
1573
1573
1575
1575
1579
1579
1579
1582
1582
1582
1582
1587
1588
1590
1590
1593
1593
1593
1594
1595
1596
1596
1596
1597
1597
1599
1599
1600
1601
1603
1605
1607
1608
1609
1610
1611
1611
1612
1612
1615
1618
1618
1618
1618
1620
1621
1622
1623
1625
1625
1625
1626
1627
1627
1627
1631
1631
1634
1634
1635
1636
1636
1638
1639
1640
1641
1642
1642
1645
1645
1645
1646
1647
1647
1647
1648
1648
1649
1649
1650
1650
1652
1653
1653
1654
1654
1657
1658
1659
1660
1660
1660
1665
1666
1666
1667
1668
1669
1669
1669
1669
1671
1671
1673
1673
1673
1674
1674
1674
1675
1678
1678
1679
1679
1679
1681
1682
1683
1683
1684
1687
1688
1688
1691
1695
1696
1696
1696
1697
1699
1706
1708
1709
1713
1713
1713
1714
1714
1715
1716
1717
1717
1718
1719
1720
1721
1723
1724
1725
1726
1728
1728
1730
1730
1730
1731
1733
1733
1733
1734
1737
1738
1738
1738
1739
1740
1740
1741
1742
1744
1745
1746
1747
1748
1748
1748
1748
1749
1749
1749
1750
1750
1750
1753
1754
1757
1759
1760
1761
1763
1764
1764
1766
1767
1770
1770
1772
1773
1774
1774
1775
1776
1777
1777
1777
1781
1781
1782
1782
1784
1785
1786
1787
1787
1789
1789
1790
1791
1791
1791
1792
1793
1794
1795
1796
1796
1797
1797
1797
1797
1799
1800
1802
1803
1806
1806
1806
1806
1808
1813
1813
1814
1814
1817
1817
1818
1818
1819
1820
1821
1821
1821
1822
1823
1825
1825
1826
1827
1827
1828
1828
1829
1829
1829
1831
1831
1832
1833
1834
1838
1841
1842
1843
1843
1844
1845
1847
1850
1852
1852
1852
1854
1854
1858
1858
1859
1859
1860
1860
1862
1863
1863
1864
1865
1865
1866
1866
1866
1867
1867
1867
1868
1869
1870
1871
1871
1871
1871
1872
1873
1873
1874
1874
1875
1875
1875
1876
1877
1877
1877
1878
1878
1880
1881
1882
1882
1885
1886
1886
1888
1888
1892
1893
1894
1895
1896
1896
1897
1898
1899
1900
1908
1909
1910
1910
1911
1912
1913
1913
1913
1914
1914
1914
1916
1917
1917
1919
1921
1923
1924
1927
1927
1928
1932
1933
1934
1934
1934
1935
1935
1937
1938
1938
1940
1940
1941
1943
1943
1944
1946
1948
1948
1949
1950
1952
1952
1952
1953
1955
1957
1959
1959
1959
1960
1962
1964
1966
1970
1970
1972
1974
1976
1977
1979
1981
1981
1981
1981
1982
1983
1984
1984
1984
1986
1987
1989
1989
1992
1994
1995
1996
1996
1999
1999
2002
2002
2002
2003
2003
2004
2004
2005
2006
2006
2006
2006
2007
2009
2010
2010
2010
2010
2015
2016
2017
2017
2018
2018
2019
2020
2021
2022
2023
2025
2026
2027
2027
2027
2027
2030
2031
2032
2033
2033
2034
2034
2038
2041
2042
2044
2045
2045
2045
2045
2046
2046
2046
2047
2047
2048
2048
2051
2051
2053
2054
2055
2056
2058
2060
2060
2063
2063
2063
2063
2064
2064
2066
2070
2071
2071
2071
2072
2072
2073
2076
2077
2077
2078
2079
2079
2082
2082
2082
2082
2086
2089
2089
2090
2095
2095
2095
2095
2095
2096
2097
2099
2099
2100
2101
2102
2103
2103
2104
2104
2104
2105
2105
2106
2106
2107
2107
2109
2109
2111
2112
2115
2119
2120
2120
2121
2121
2121
2122
2122
2123
2127
2127
2128
2131
2131
2132
2132
2133
2134
2135
2137
2137
2138
2138
2138
2138
2140
2141
2141
2143
2145
2146
2151
2152
2154
2154
2155
2155
2157
2157
2158
2159
2163
2164
2165
2167
2167
2168
2170
2170
2171
2172
2173
2174
2174
2176
2177
2177
2179
2180
2180
2180
2181
2181
2181
2183
2187
2188
2190
2190
2191
2191
2192
2196
2196
2198
2198
2199
2202
2203
2205
2205
2205
2209
2209
2211
2211
2212
2214
2215
2217
2218
2219
2219
2221
2223
2224
2224
2225
2228
2229
2230
2231
2232
2232
2235
2235
2237
2238
2238
2238
2239
2241
2242
2243
2246
2247
2250
2250
2251
2251
2253
2253
2253
2254
2254
2256
2258
2260
2261
2262
2263
2263
2264
2264
2265
2265
2266
2266
2267
2268
2270
2270
2271
2271
2271
2273
2273
2275
2275
2276
2279
2279
2279
2279
2281
2282
2283
2283
2283
2283
2284
2285
2285
2287
2287
2287
2287
2288
2289
2290
2291
2291
2291
2292
2294
2296
2298
2300
2300
2301
2302
2303
2307
2308
2308
2308
2310
2310
2312
2313
2315
2316
2316
2320
2320
2321
2323
2325
2325
2326
2327
2329
2331
2331
2333
2334
2335
2336
2336
2337
2337
2338
2343
2344
2344
2345
2347
2348
2348
2350
2352
2353
2355
2357
2357
2358
2358
2359
2359
2360
2360
2361
2361
2362
2362
2363
2364
2365
2365
2365
2366
2366
2366
2367
2369
2369
2370
2370
2371
2372
2372
2373
2377
2377
2377
2380
2381
2382
2386
2388
2388
2390
2390
2391
2391
2392
2393
2393
2396
2396
2396
2396
2397
2397
2397
2399
2399
2400
2401
2402
2402
2402
2403
2403
2403
2405
2406
2407
2409
2411
2411
2413
2414
2415
2416
2416
2417
2417
2419
2419
2419
2420
2420
2420
2421
2421
2425
2425
2426
2426
2426
2427
2427
2427
2429
2429
2429
2430
2431
2432
2434
2434
2435
2435
2436
2437
2437
2438
2439
2439
2439
2440
2444
2444
2444
2445
2447
2448
2448
2449
2451
2451
2452
2452
2453
2454
2456
2457
2458
2458
2459
2461
2461
2461
2462
2462
2463
2464
2465
2466
2466
2466
2467
2469
2469
2470
2471
2472
2472
2473
2474
2474
2475
2475
2475
2475
2477
2478
2478
2481
2481
2483
2483
2484
2485
2485
2485
2486
2487
2488
2490
2491
2491
2491
2491
2492
2493
2494
2500
2501
2502
2503
2503
2503
2505
2506
2508
2508
2509
2509
2511
2512
2513
2515
2516
2517
2517
2517
2520
2521
2522
2523
2523
2523
2524
2526
2528
2529
2530
2531
2531
2531
2532
2532
2533
2533
2533
2536
2539
2539
2540
2541
2541
2544
2546
2550
2551
2551
2551
2552
2553
2553
2554
2555
2555
2557
2557
2558
2560
2561
2562
2564
2565
2565
2567
2567
2570
2571
2572
2572
2572
2572
2573
2573
2575
2575
2575
2575
2576
2576
2577
2578
2578
2579
2580
2582
2582
2582
2585
2585
2586
2587
2587
2588
2589
2590
2590
2591
2592
2593
2594
2596
2596
2596
2597
2597
2598
2598
2598
2599
2599
2599
2601
2601
2601
2603
2603
2604
2604
2607
2607
2608
2611
2611
2613
2613
2613
2613
2615
2616
2617
2618
2619
2621
2621
2622
2622
2625
2626
2626
2627
2629
2630
2631
2631
2633
2635
2635
2637
2638
2645
2647
2648
2649
2649
2650
2650
2650
2651
2651
2652
2655
2656
2656
2661
2664
2664
2664
2665
2665
2666
2667
2668
2669
2669
2670
2671
2671
2671
2672
2673
2673
2674
2675
2675
2675
2677
2678
2678
2680
2680
2681
2682
2682
2682
2684
2687
2689
2689
2692
2692
2693
2693
2695
2697
2698
2698
2698
2701
2701
2702
2704
2704
2704
2705
2706
2706
2711
2711
2712
2713
2714
2716
2716
2719
2720
2722
2722
2724
2724
2725
2725
2727
2727
2728
2728
2728
2728
2729
2729
2731
2733
2734
2734
2735
2738
2739
2740
2741
2742
2744
2746
2746
2747
2750
2753
2753
2754
2754
2754
2755
2759
2760
2760
2762
2763
2763
2764
2765
2767
2769
2771
2771
2772
2772
2772
2773
2773
2773
2774
2774
2775
2775
2775
2776
2776
2777
2781
2782
2782
2784
2788
2791
2794
2795
2796
2796
2796
2797
2797
2798
2798
2799
2801
2804
2804
2806
2806
2808
2808
2809
2812
2812
2813
2814
2814
2814
2816
2816
2817
2817
2819
2821
2824
2824
2826
2826
2827
2827
2828
2828
2828
2831
2832
2833
2835
2836
2836
2837
2838
2839
2840
2841
2841
2841
2843
2844
2845
2846
2847
2852
2853
2859
2860
2861
2862
2864
2865
2868
2872
2872
2872
2873
2874
2875
2876
2876
2877
2877
2878
2880
2880
2880
2882
2882
2883
2883
2883
2884
2886
2886
2887
2887
2888
2889
2889
2890
2891
2893
2894
2894
2895
2898
2899
2900
2900
2901
2903
2904
2904
2904
2905
2906
2908
2911
2911
2912
2912
2912
2913
2913
2914
2915
2916
2917
2919
2921
2921
2921
2922
2922
2923
2925
2925
2926
2926
2928
2932
2933
2935
2936
2936
2937
2938
2939
2939
2940
2940
2941
2947
2948
2949
2950
2950
2951
2953
2954
2955
2955
2957
2957
2957
2959
2961
2961
2962
2963
2963
2964
2967
2967
2967
2968
2970
2971
2972
2973
2974
2976
2977
2982
2983
2985
2985
2986
2986
2986
2986
2988
2990
2991
2991
2991
2994
2995
2995
2996
2999
3000
3002
3003
3003
3006
3006
3008
3009
3009
3013
3013
3013
3014
3015
3016
3017
3019
3020
3021
3021
3021
3022
3024
3026
3026
3027
3028
3028
3030
3032
3032
3033
3034
3034
3034
3035
3035
3037
3039
3039
3041
3041
3042
3042
3043
3046
3047
3048
3048
3052
3053
3054
3057
3057
3057
3057
3058
3060
3062
3063
3063
3063
3063
3066
3066
3069
3069
3069
3070
3073
3074
3074
3075
3075
3076
3077
3078
3080
3082
3082
3084
3084
3086
3087
3087
3088
3091
3093
3093
3095
3095
3096
3096
3096
3097
3097
3097
3097
3099
3100
3100
3100
3103
3103
3104
3106
3106
3110
3112
3113
3113
3113
3113
3114
3115
3115
3115
3116
3116
3117
3117
3117
3117
3118
3118
3119
3120
3121
3122
3122
3124
3125
3126
3128
3130
3130
3130
3132
3133
3133
3134
3134
3135
3137
3141
3142
3144
3145
3147
3148
3149
3150
3150
3150
3150
3153
3154
3156
3156
3156
3157
3158
3158
3158
3158
3159
3159
3159
3160
3161
3162
3162
3162
3163
3164
3165
3165
3165
3166
3167
3167
3167
3167
3168
3169
3169
3169
3170
3171
3172
3173
3174
3175
3175
3176
3176
3177
3178
3179
3180
3180
3180
3181
3181
3182
3183
3183
3185
3186
3188
3188
3189
3189
3191
3192
3194
3194
3196
3196
3198
3201
3201
3202
3203
3204
3205
3207
3208
3212
3214
3216
3219
3219
3221
3221
3223
3223
3224
3225
3225
3225
3225
3226
3226
3228
3228
3229
3230
3231
3231
3233
3234
3235
3235
3237
3238
3241
3242
3243
3243
3243
3243
3244
3246
3248
3248
3249
3251
3252
3257
3258
3258
3259
3260
3261
3264
3265
3265
3265
3266
3267
3267
3267
3269
3269
3272
3274
3275
3275
3276
3278
3278
3279
3280
3282
3282
3283
3284
3285
3286
3287
3289
3291
3293
3294
3296
3296
3297
3298
3300
3301
3302
3302
3303
3307
3308
3309
3310
3310
3310
3310
3310
3311
3312
3312
3312
3313
3315
3316
3317
3321
3322
3324
3326
3329
3329
3329
3329
3329
3330
3331
3332
3333
3335
3336
3338
3339
3340
3340
3340
3341
3341
3342
3342
3343
3343
3345
3345
3348
3349
3350
3350
3351
3353
3353
3353
3354
3355
3356
3359
3359
3360
3361
3361
3362
3362
3363
3363
3365
3366
3367
3367
3370
3371
3371
3372
3372
3373
3373
3374
3374
3374
3375
3376
3376
3376
3377
3377
3378
3380
3380
3381
3382
3384
3385
3385
3386
3386
3387
3388
3389
3390
3390
3392
3396
3397
3397
3398
3399
3400
3401
3406
3406
3406
3407
3407
3409
3413
3413
3413
3413
3413
3415
3416
3418
3420
3421
3423
3424
3426
3427
3428
3430
3431
3432
3432
3433
3434
3436
3436
3436
3436
3437
3437
3438
3438
3438
3438
3442
3444
3446
3446
3446
3447
3447
3447
3451
3451
3452
3455
3455
3456
3458
3458
3458
3462
3463
3464
3465
3466
3466
3466
3467
3468
3469
3469
3469
3470
3470
3470
3470
3472
3472
3474
3475
3476
3477
3477
3478
3479
3480
3481
3481
3481
3482
3483
3484
3484
3485
3486
3486
3487
3488
3488
3490
3493
3493
3495
3495
3496
3497
3497
3498
3498
3499
3500
3500
3500
3500
3501
3502
3504
3504
3504
3505
3505
3505
3507
3507
3508
3509
3510
3512
3512
3515
3516
3517
3518
3519
3519
3519
3521
3522
3522
3523
3523
3525
3525
3526
3526
3528
3530
3532
3533
3534
3535
3538
3539
3539
3539
3540
3545
3546
3547
3548
3549
3549
3550
3551
3553
3553
3555
3556
3556
3556
3558
3558
3560
3560
3561
3561
3562
3562
3563
3563
3565
3566
3566
3568
3568
3568
3569
3569
3569
3569
3570
3571
3571
3573
3574
3575
3575
3576
3576
3577
3580
3581
3583
3585
3587
3590
3591
3592
3592
3593
3594
3594
3596
3599
3600
3600
3600
3600
3602
3602
3602
3605
3605
3607
3607
3608
3609
3610
3611
3611
3613
3614
3614
3615
3617
3620
3620
3622
3622
3622
3622
3624
3624
3625
3625
3625
3627
3628
3631
3632
3636
3636
3637
3638
3639
3641
3641
3642
3643
3644
3648
3648
3649
3651
3652
3653
3654
3654
3655
3656
3656
3657
3658
3660
3661
3662
3663
3664
3664
3664
3665
3666
3667
3668
3669
3670
3672
3672
3674
3678
3678
3681
3681
3682
3682
3683
3683
3683
3683
3683
3688
3689
3691
3693
3694
3699
3699
3701
3702
3702
3703
3705
3706
3707
3707
3709
3711
3711
3712
3714
3715
3716
3716
3718
3718
3719
3719
3721
3725
3725
3726
3726
3727
3727
3727
3728
3729
3729
3732
3732
3732
3734
3734
3734
3735
3736
3736
3736
3736
3739
3739
3740
3740
3741
3741
3742
3743
3746
3748
3748
3749
3750
3751
3751
3752
3753
3753
3755
3755
3756
3758
3758
3760
3760
3761
3762
3763
3764
3766
3766
3767
3767
3768
3768
3769
3769
3769
3770
3771
3772
3773
3773
3774
3774
3775
3775
3776
3776
3781
3784
3784
3785
3788
3788
3789
3789
3789
3789
3790
3790
3791
3793
3793
3793
3793
3796
3796
3796
3799
3801
3802
3803
3806
3807
3808
3808
3809
3810
3811
3811
3811
3811
3812
3813
3814
3814
3816
3817
3819
3820
3822
3822
3823
3823
3825
3826
3828
3830
3830
3833
3834
3835
3836
3836
3836
3838
3838
3839
3839
3840
3840
3840
3840
3840
3841
3841
3843
3845
3846
3846
3847
3847
3847
3847
3849
3853
3853
3853
3855
3855
3855
3856
3856
3857
3857
3858
3858
3860
3861
3862
3864
3864
3866
3866
3867
3867
3869
3870
3871
3875
3876
3876
3876
3877
3878
3879
3880
3881
3881
3881
3883
3884
3884
3884
3884
3884
3885
3887
3889
3890
3890
3891
3892
3894
3896
3896
3898
3900
3900
3900
3903
3908
3909
3912
3913
3914
3917
3918
3920
3921
3921
3922
3924
3926
3927
3927
3928
3928
3929
3929
3933
3934
3934
3935
3935
3938
3938
3938
3940
3941
3943
3945
3945
3946
3946
3948
3948
3949
3950
3952
3953
3956
3956
3960
3961
3962
3963
3963
3963
3964
3966
3966
3966
3968
3968
3971
3971
3971
3972
3973
3973
3974
3975
3976
3977
3979
3980
3980
3981
3981
3982
3983
3984
3985
3986
3986
3987
3987
3988
3988
3989
3990
3993
3994
3995
3999
4000
4000
4001
4003
4005
4010
4012
4015
4016
4017
4018
4019
4020
4020
4023
4026
4026
4027
4027
4028
4029
4029
4030
4030
4030
4031
4032
4032
4032
4033
4033
4033
4034
4036
4036
4039
4039
4040
4041
4043
4044
4046
4046
4047
4047
4051
4051
4052
4053
4054
4055
4056
4056
4058
4059
4059
4059
4061
4062
4064
4068
4068
4069
4072
4072
4073
4073
4073
4074
4075
4075
4076
4079
4081
4081
4081
4082
4082
4082
4087
4087
4089
4089
4091
4091
4091
4091
4091
4092
4094
4095
4095
4097
4098
4100
4102
4103
4104
4105
4106
4107
4107
4107
4109
4110
4110
4112
4112
4114
4114
4115
4116
4118
4118
4120
4121
4121
4121
4123
4124
4125
4127
4128
4128
4128
4130
4130
4131
4131
4132
4133
4133
4136
4136
4140
4140
4141
4141
4143
4143
4143
4144
4146
4156
4156
4157
4157
4157
4158
4160
4161
4162
4162
4163
4163
4164
4164
4164
4168
4168
4169
4170
4170
4170
4170
4171
4172
4172
4172
4173
4175
4178
4178
4181
4183
4185
4185
4187
4187
4188
4191
4191
4191
4192
4195
4195
4195
4196
4198
4199
4200
4200
4201
4202
4203
4203
4203
4205
4207
4207
4207
4208
4209
4211
4212
4212
4212
4213
4214
4215
4217
4218
4218
4219
4220
4221
4221
4221
4222
4222
4223
4223
4224
4225
4225
4228
4229
4229
4232
4233
4233
4233
4234
4234
4235
4239
4240
4240
4240
4241
4241
4241
4242
4244
4244
4245
4245
4247
4247
4248
4249
4249
4251
4253
4255
4256
4256
4257
4257
4258
4259
4259
4261
4267
4269
4269
4270
4270
4270
4271
4272
4273
4274
4275
4275
4275
4275
4276
4277
4277
4278
4280
4280
4282
4283
4286
4287
4287
4288
4291
4291
4292
4293
4293
4295
4295
4296
4296
4297
4298
4299
4301
4301
4301
4302
4302
4304
4304
4304
4305
4305
4305
4306
4306
4307
4307
4308
4309
4309
4310
4310
4311
4312
4315
4315
4318
4319
4319
4321
4321
4323
4323
4326
4326
4328
4329
4331
4331
4334
4334
4335
4335
4336
4337
4339
4339
4340
4341
4341
4342
4343
4344
4345
4348
4349
4349
4349
4350
4350
4352
4353
4353
4354
4354
4358
4360
4361
4361
4361
4363
4367
4367
4368
4369
4369
4371
4371
4373
4373
4375
4376
4377
4380
4381
4382
4383
4383
4384
4386
4387
4388
4388
4390
4391
4392
4394
4396
4396
4396
4399
4399
4400
4401
4401
4401
4402
4404
4404
4404
4406
4407
4408
4410
4412
4414
4414
4415
4416
4417
4418
4418
4419
4421
4422
4422
4423
4424
4425
4426
4427
4427
4427
4428
4429
4429
4430
4430
4430
4430
4431
4433
4433
4434
4437
4437
4437
4438
4439
4441
4442
4443
4443
4444
4445
4445
4446
4449
4449
4449
4451
4454
4458
4458
4463
4464
4464
4464
4464
4464
4464
4465
4466
4466
4467
4467
4468
4468
4468
4468
4469
4470
4470
4470
4481
4481
4485
4485
4486
4486
4487
4487
4488
4489
4493
4494
4494
4496
4496
4497
4499
4502
4506
4506
4508
4509
4510
4511
4512
4513
4514
4514
4514
4515
4518
4518
4518
4521
4522
4522
4523
4524
4525
4528
4528
4529
4529
4530
4530
4531
4532
4532
4532
4533
4533
4534
4535
4535
4538
4539
4541
4545
4546
4548
4549
4552
4552
4553
4553
4553
4554
4554
4554
4556
4560
4561
4562
4565
4565
4566
4567
4568
4568
4569
4569
4572
4572
4573
4574
4575
4575
4577
4578
4581
4581
4583
4584
4585
4586
4586
4588
4590
4591
4592
4592
4593
4595
4598
4599
4600
4602
4603
4603
4609
4610
4610
4611
4612
4614
4614
4615
4615
4616
4618
4619
4620
4621
4622
4622
4622
4623
4624
4624
4624
4625
4626
4626
4627
4629
4630
4631
4631
4631
4632
4633
4634
4634
4637
4637
4638
4638
4638
4639
4639
4640
4640
4641
4642
4643
4644
4644
4645
4646
4646
4650
4651
4652
4652
4652
4653
4653
4655
4656
4657
4657
4658
4659
4659
4660
4661
4661
4662
4662
4663
4665
4666
4669
4669
4671
4672
4677
4677
4677
4678
4680
4680
4681
4684
4685
4686
4688
4689
4690
4691
4693
4696
4696
4696
4696
4698
4699
4701
4701
4701
4702
4702
4703
4703
4705
4706
4709
4709
4710
4711
4711
4711
4712
4714
4714
4715
4717
4718
4718
4720
4721
4722
4724
4725
4726
4726
4726
4727
4727
4728
4728
4728
4730
4730
4730
4730
4731
4731
4731
4731
4737
4737
4738
4739
4740
4741
4743
4747
4748
4750
4751
4751
4753
4755
4757
4758
4759
4760
4760
4760
4761
4761
4762
4763
4763
4763
4764
4765
4766
4766
4768
4768
4769
4770
4771
4771
4772
4772
4773
4776
4776
4776
4778
4778
4778
4778
4779
4779
4780
4780
4782
4782
4782
4782
4783
4783
4784
4784
4786
4788
4789
4789
4789
4790
4793
4795
4795
4796
4797
4798
4798
4799
4801
4802
4804
4805
4806
4807
4807
4809
4809
4809
4809
4812
4812
4813
4814
4815
4815
4815
4817
4819
4820
4820
4820
4823
4823
4824
4824
4826
4826
4828
4831
4833
4834
4834
4835
4835
4836
4836
4838
4838
4839
4840
4840
4842
4842
4842
4843
4844
4844
4847
4849
4849
4851
4855
4856
4857
4857
4861
4861
4861
4861
4862
4863
4863
4863
4863
4864
4865
4866
4867
4867
4868
4868
4870
4870
4872
4872
4873
4874
4875
4877
4877
4877
4878
4878
4878
4878
4879
4883
4883
4884
4884
4885
4885
4886
4886
4887
4887
4887
4888
4889
4889
4890
4891
4892
4894
4894
4895
4897
4900
4900
4901
4901
4903
4904
4904
4905
4907
4908
4908
4911
4911
4911
4912
4912
4913
4914
4914
4915
4915
4916
4916
4918
4920
4920
4920
4922
4925
4925
4926
4927
4927
4928
4929
4929
4930
4932
4933
4934
4934
4935
4936
4937
4937
4937
4940
4941
4945
4948
4949
4949
4953
4953
4956
4959
4959
4962
4964
4964
4965
4965
4967
4968
4968
4969
4970
4971
4971
4973
4974
4974
4977
4977
4977
4981
4982
4983
4983
4984
4985
4986
4988
4988
4989
4989
4992
4992
4993
4994
4995
4998
4998
4998
4999
4999
5000
5000
5000
5000
5003
5007
5011
5011
5012
5013
5014
5015
5015
5015
5016
5020
5023
5023
5024
5025
5026
5026
5028
5029
5030
5031
5031
5031
5031
5032
5033
5034
5039
5041
5042
5042
5043
5046
5047
5047
5047
5047
5048
5048
5049
5049
5050
5056
5056
5056
5057
5057
5058
5060
5060
5061
5062
5063
5065
5066
5067
5068
5071
5074
5077
5082
5083
5084
5084
5085
5086
5090
5091
5091
5092
5092
5093
5093
5094
5094
5095
5096
5097
5099
5099
5100
5102
5103
5103
5103
5105
5108
5108
5108
5109
5109
5110
5110
5111
5111
5112
5113
5113
5114
5115
5115
5115
5116
5118
5120
5121
5121
5123
5124
5124
5125
5127
5128
5129
5129
5129
5131
5131
5131
5133
5133
5136
5137
5139
5141
5142
5142
5143
5144
5149
5150
5151
5151
5152
5152
5153
5155
5155
5157
5159
5159
5160
5160
5161
5162
5164
5165
5168
5169
5169
5170
5171
5171
5172
5174
5174
5176
5176
5180
5180
5181
5182
5182
5182
5182
5182
5183
5184
5184
5184
5186
5187
5189
5190
5192
5192
5192
5193
5193
5193
5196
5196
5197
5200
5201
5205
5207
5207
5209
5210
5212
5212
5212
5212
5213
5213
5216
5216
5219
5219
5219
5221
5223
5223
5223
5226
5226
5227
5227
5228
5229
5231
5231
5231
5232
5233
5234
5237
5237
5237
5240
5241
5242
5243
5244
5246
5250
5252
5252
5253
5254
5255
5255
5256
5257
5257
5258
5259
5260
5261
5262
5262
5262
5263
5264
5265
5266
5267
5268
5268
5270
5271
5271
5272
5273
5273
5274
5275
5276
5276
5276
5277
5279
5279
5282
5282
5283
5283
5284
5284
5285
5286
5289
5290
5290
5291
5292
5292
5293
5293
5296
5297
5299
5301
5302
5302
5303
5303
5304
5306
5307
5307
5308
5310
5311
5311
5312
5313
5314
5315
5316
5316
5317
5317
5317
5317
5317
5321
5323
5324
5324
5324
5326
5328
5329
5331
5331
5331
5332
5335
5335
5335
5338
5338
5339
5341
5341
5343
5343
5343
5344
5345
5347
5347
5347
5350
5350
5351
5354
5354
5354
5355
5357
5358
5358
5360
5360
5361
5364
5366
5367
5370
5373
5373
5373
5374
5375
5376
5376
5376
5378
5379
5380
5381
5382
5383
5383
5383
5384
5384
5388
5390
5390
5391
5391
5391
5392
5397
5399
5399
5406
5408
5409
5411
5413
5413
5414
5415
5417
5418
5419
5420
5421
5422
5422
5423
5423
5424
5425
5426
5426
5426
5427
5427
5429
5430
5431
5431
5434
5436
5436
5436
5438
5438
5440
5444
5445
5445
5447
5448
5448
5448
5448
5448
5449
5449
5450
5451
5451
5452
5456
5457
5459
5460
5461
5461
5462
5463
5464
5468
5468
5468
5469
5469
5470
5471
5471
5472
5472
5473
5474
5474
5475
5475
5478
5480
5480
5481
5483
5483
5484
5485
5486
5487
5487
5489
5489
5489
5490
5491
5492
5494
5495
5495
5498
5499
5501
5501
5502
5503
5503
5504
5505
5505
5506
5506
5506
5507
5508
5508
5508
5508
5510
5510
5512
5512
5514
5517
5517
5519
5519
5521
5521
5522
5522
5523
5524
5525
5526
5526
5527
5529
5529
5529
5531
5532
5533
5533
5534
5534
5536
5537
5538
5538
5538
5538
5538
5539
5539
5540
5541
5541
5542
5548
5549
5550
5550
5554
5554
5554
5554
5555
5555
5555
5556
5556
5556
5557
5558
5559
5559
5560
5566
5566
5568
5569
5570
5570
5571
5571
5573
5573
5577
5577
5577
5579
5579
5581
5581
5582
5582
5582
5583
5584
5584
5585
5585
5586
5587
5588
5589
5589
5594
5595
5595
5597
5597
5598
5600
5603
5603
5607
5607
5611
5611
5611
5613
5614
5615
5615
5618
5619
5619
5620
5622
5623
5624
5624
5626
5626
5627
5628
5628
5631
5631
5631
5632
5632
5632
5632
5632
5633
5634
5635
5635
5635
5637
5638
5638
5639
5640
5640
5640
5642
5642
5642
5643
5643
5643
5646
5646
5647
5647
5648
5649
5650
5650
5651
5652
5652
5652
5654
5654
5655
5656
5657
5659
5662
5662
5663
5664
5664
5664
5664
5665
5665
5668
5669
5671
5673
5673
5673
5677
5677
5681
5682
5683
5683
5688
5688
5688
5688
5689
5691
5692
5692
5696
5697
5697
5697
5698
5698
5701
5703
5703
5704
5705
5711
5713
5715
5715
5717
5717
5717
5717
5718
5718
5719
5720
5720
5720
5720
5723
5724
5724
5724
5725
5726
5727
5728
5731
5731
5733
5734
5734
5736
5737
5738
5738
5740
5740
5743
5743
5743
5744
5746
5748
5750
5751
5753
5754
5757
5761
5762
5763
5763
5765
5767
5768
5769
5769
5770
5771
5771
5772
5773
5774
5775
5775
5775
5775
5775
5775
5776
5777
5779
5780
5785
5786
5787
5788
5789
5789
5789
5790
5790
5794
5798
5799
5801
5802
5802
5804
5804
5804
5804
5805
5806
5808
5810
5810
5813
5814
5814
5815
5815
5818
5818
5819
5820
5820
5821
5821
5822
5823
5823
5824
5825
5828
5829
5830
5830
5832
5834
5835
5835
5835
5836
5836
5838
5838
5840
5840
5843
5843
5845
5845
5846
5847
5848
5848
5848
5852
5855
5855
5855
5856
5856
5857
5858
5860
5862
5862
5865
5867
5869
5870
5875
5876
5877
5877
5878
5878
5878
5878
5879
5880
5882
5883
5885
5887
5887
5890
5891
5891
5891
5893
5893
5894
5894
5895
5895
5896
5896
5897
5897
5898
5900
5901
5901
5903
5904
5905
5907
5907
5907
5908
5911
5912
5913
5915
5918
5919
5919
5921
5924
5924
5924
5924
5925
5929
5932
5933
5934
5935
5935
5936
5937
5937
5937
5941
5943
5943
5943
5949
5950
5952
5953
5954
5957
5959
5959
5960
5962
5963
5964
5964
5965
5966
5968
5968
5969
5971
5972
5972
5976
5977
5977
5979
5980
5980
5981
5981
5981
5982
5982
5982
5983
5984
5985
5986
5987
5989
5989
5992
5992
5993
5994
5994
5994
5997
6000
6001
6001
6001
6003
6005
6005
6005
6007
6007
6007
6010
6010
6010
6011
6012
6013
6013
6013
6014
6015
6015
6016
6016
6016
6019
6019
6019
6021
6023
6026
6027
6028
6028
6029
6029
6030
6032
6035
6035
6035
6037
6037
6038
6038
6038
6038
6039
6040
6042
6044
6045
6045
6045
6046
6046
6047
6048
6049
6049
6052
6052
6054
6055
6059
6059
6059
6059
6061
6062
6063
6063
6064
6064
6065
6065
6066
6066
6066
6066
6069
6070
6071
6072
6074
6078
6078
6079
6079
6081
6082
6083
6084
6084
6085
6086
6089
6089
6089
6090
6091
6092
6092
6095
6095
6096
6096
6098
6098
6098
6099
6101
6103
6105
6106
6106
6107
6109
6109
6111
6111
6111
6112
6114
6117
6119
6120
6120
6121
6121
6122
6123
6123
6123
6123
6125
6126
6126
6126
6127
6128
6128
6128
6129
6129
6130
6130
6132
6132
6132
6135
6136
6137
6138
6140
6145
6147
6148
6148
6149
6150
6150
6150
6151
6152
6152
6154
6155
6156
6157
6158
6160
6161
6162
6162
6163
6163
6165
6167
6169
6169
6170
6170
6171
6171
6171
6172
6172
6174
6175
6176
6177
6177
6177
6178
6178
6178
6180
6185
6186
6186
6187
6187
6188
6190
6190
6193
6194
6195
6196
6196
6197
6198
6198
6198
6198
6201
6202
6202
6204
6205
6208
6209
6210
6212
6213
6213
6214
6214
6215
6217
6217
6217
6218
6219
6220
6223
6225
6225
6226
6226
6227
6228
6229
6230
6230
6231
6232
6233
6235
6235
6236
6236
6239
6241
6243
6243
6244
6246
6248
6249
6249
6249
6255
6256
6256
6256
6257
6257
6259
6259
6259
6260
6260
6262
6264
6265
6266
6267
6270
6270
6271
6272
6274
6274
6275
6275
6277
6277
6278
6279
6281
6281
6284
6284
6287
6289
6289
6290
6290
6291
6292
6293
6293
6293
6293
6294
6296
6296
6296
6296
6297
6298
6298
6298
6298
6299
6299
6300
6301
6302
6302
6303
6304
6304
6305
6305
6305
6306
6306
6309
6310
6311
6312
6313
6314
6314
6315
6315
6317
6317
6317
6318
6319
6319
6319
6319
6320
6323
6324
6324
6325
6326
6329
6330
6330
6330
6331
6331
6332
6333
6334
6334
6334
6335
6336
6337
6338
6339
6341
6343
6344
6344
6344
6344
6345
6346
6347
6348
6348
6349
6349
6350
6354
6356
6357
6358
6358
6361
6361
6361
6362
6362
6363
6364
6365
6365
6366
6367
6367
6369
6371
6373
6374
6377
6377
6378
6378
6378
6379
6381
6381
6381
6381
6382
6382
6382
6383
6383
6386
6387
6388
6388
6390
6391
6391
6393
6393
6394
6398
6399
6400
6403
6403
6403
6404
6404
6405
6407
6408
6408
6409
6413
6414
6414
6414
6416
6417
6419
6420
6421
6422
6423
6424
6426
6427
6427
6427
6427
6429
6429
6429
6431
6431
6431
6432
6433
6434
6436
6437
6438
6439
6439
6442
6442
6444
6444
6445
6445
6446
6447
6447
6448
6448
6449
6449
6452
6454
6456
6457
6458
6458
6459
6461
6463
6463
6464
6465
6465
6465
6466
6467
6469
6469
6470
6471
6472
6473
6473
6476
6477
6477
6477
6478
6481
6482
6484
6485
6486
6486
6487
6488
6489
6490
6491
6492
6493
6493
6494
6495
6497
6498
6498
6500
6502
6502
6503
6506
6507
6507
6508
6508
6508
6509
6512
6512
6512
6514
6516
6519
6519
6521
6522
6524
6524
6525
6525
6526
6526
6526
6526
6527
6527
6530
6530
6530
6536
6538
6540
6540
6541
6541
6542
6542
6544
6544
6544
6545
6547
6548
6550
6551
6552
6553
6554
6555
6562
6563
6567
6568
6568
6568
6571
6572
6572
6573
6576
6577
6582
6582
6584
6584
6585
6586
6587
6588
6589
6589
6590
6590
6592
6593
6594
6594
6595
6595
6596
6597
6597
6597
6605
6605
6606
6608
6608
6611
6612
6613
6613
6613
6614
6614
6616
6618
6619
6619
6619
6620
6621
6621
6621
6622
6622
6622
6622
6623
6625
6627
6627
6627
6627
6628
6628
6631
6632
6633
6636
6636
6637
6637
6637
6637
6638
6638
6639
6640
6642
6643
6644
6644
6647
6647
6648
6650
6651
6651
6652
6653
6653
6654
6655
6655
6656
6657
6657
6660
6662
6664
6665
6666
6667
6668
6669
6669
6670
6675
6677
6680
6680
6680
6681
6681
6681
6682
6682
6683
6683
6685
6687
6687
6689
6689
6689
6690
6690
6690
6692
6692
6694
6695
6695
6695
6697
6697
6697
6699
6699
6699
6700
6700
6701
6702
6702
6702
6702
6704
6704
6706
6707
6707
6710
6710
6710
6711
6712
6714
6715
6716
6720
6722
6723
6726
6727
6728
6728
6728
6730
6730
6732
6732
6733
6733
6735
6738
6738
6738
6739
6740
6741
6743
6744
6746
6747
6747
6748
6748
6748
6751
6753
6754
6755
6760
6760
6760
6761
6762
6763
6764
6770
6770
6771
6771
6773
6775
6776
6776
6777
6777
6779
6780
6780
6780
6780
6781
6781
6781
6783
6784
6784
6785
6785
6785
6785
6785
6785
6785
6785
6786
6786
6786
6788
6788
6789
6789
6790
6790
6791
6792
6793
6798
6799
6801
6801
6801
6802
6802
6803
6805
6807
6808
6808
6809
6810
6813
6816
6817
6817
6818
6821
6821
6821
6822
6822
6825
6827
6827
6828
6829
6829
6829
6829
6832
6833
6834
6834
6834
6834
6837
6838
6838
6840
6841
6843
6843
6844
6845
6846
6846
6847
6847
6848
6849
6850
6853
6854
6854
6854
6855
6856
6856
6857
6857
6858
6858
6858
6859
6861
6863
6864
6864
6864
6865
6865
6866
6866
6867
6868
6869
6870
6871
6871
6872
6873
6873
6874
6875
6875
6875
6877
6878
6879
6881
6882
6882
6882
6883
6883
6885
6885
6886
6887
6887
6888
6889
6889
6893
6894
6894
6895
6896
6897
6897
6898
6899
6900
6903
6903
6904
6905
6905
6910
6911
6911
6911
6912
6912
6912
6913
6914
6914
6914
6921
6921
6924
6925
6925
6926
6927
6927
6929
6931
6932
6933
6933
6934
6934
6935
6935
6939
6939
6941
6943
6943
6944
6945
6945
6945
6948
6949
6949
6950
6952
6954
6954
6955
6956
6956
6958
6958
6958
6959
6961
6961
6963
6966
6968
6968
6969
6970
6971
6972
6972
6974
6974
6974
6975
6975
6975
6976
6978
6979
6980
6982
6985
6985
6986
6987
6989
6990
6991
6992
6992
6994
6994
6994
6996
6996
6996
6997
6997
6997
7001
7002
7002
7003
7005
7006
7007
7007
7008
7009
7010
7011
7012
7012
7013
7013
7014
7015
7015
7015
7015
7015
7016
7019
7019
7020
7020
7020
7023
7024
7026
7028
7030
7034
7034
7037
7037
7037
7038
7039
7039
7040
7042
7043
7043
7044
7045
7046
7047
7050
7051
7051
7052
7053
7054
7056
7056
7056
7056
7056
7057
7057
7057
7058
7060
7061
7061
7062
7063
7064
7064
7064
7065
7065
7066
7070
7070
7070
7071
7071
7071
7072
7073
7075
7077
7077
7078
7078
7078
7079
7080
7080
7082
7083
7085
7085
7087
7087
7088
7091
7091
7092
7092
7095
7096
7097
7097
7098
7099
7100
7101
7103
7103
7103
7105
7105
7105
7105
7106
7107
7107
7109
7110
7110
7110
7112
7113
7117
7118
7118
7120
7121
7122
7122
7123
7124
7125
7126
7127
7128
7129
7130
7132
7133
7133
7133
7134
7136
7136
7137
7140
7142
7142
7144
7144
7147
7147
7149
7150
7151
7152
7152
7152
7153
7153
7154
7154
7156
7159
7162
7162
7163
7163
7163
7164
7164
7164
7164
7165
7166
7167
7172
7173
7173
7174
7178
7178
7179
7183
7184
7186
7188
7188
7189
7190
7190
7192
7194
7194
7194
7195
7196
7197
7199
7199
7203
7204
7204
7204
7204
7206
7209
7209
7209
7210
7210
7212
7212
7212
7213
7213
7214
7215
7215
7216
7216
7218
7219
7219
7219
7221
7223
7223
7224
7226
7227
7228
7228
7229
7229
7235
7236
7236
7237
7237
7237
7238
7238
7239
7240
7240
7241
7242
7243
7244
7244
7245
7245
7245
7246
7249
7250
7250
7250
7252
7253
7256
7259
7259
7260
7260
7260
7261
7264
7264
7265
7265
7268
7271
7272
7273
7273
7275
7275
7276
7278
7279
7281
7283
7283
7283
7286
7287
7289
7290
7290
7291
7291
7291
7292
7292
7293
7295
7295
7296
7297
7299
7299
7301
7302
7303
7304
7304
7305
7310
7310
7311
7312
7312
7315
7316
7316
7317
7319
7319
7320
7321
7321
7324
7327
7327
7328
7328
7328
7328
7328
7329
7332
7334
7335
7336
7336
7337
7339
7340
7341
7344
7344
7347
7348
7349
7350
7350
7351
7351
7353
7353
7356
7358
7358
7359
7359
7362
7363
7364
7365
7366
7367
7368
7368
7368
7370
7370
7370
7371
7373
7373
7376
7376
7378
7378
7378
7379
7379
7379
7380
7382
7382
7383
7385
7385
7386
7387
7388
7390
7391
7392
7393
7393
7396
7397
7397
7398
7399
7399
7400
7400
7401
7402
7403
7404
7406
7407
7408
7408
7412
7414
7414
7417
7420
7421
7421
7423
7423
7424
7425
7425
7426
7427
7428
7428
7428
7429
7429
7430
7435
7436
7437
7438
7439
7439
7440
7442
7443
7443
7443
7443
7443
7443
7444
7446
7446
7447
7449
7450
7451
7451
7452
7453
7454
7455
7455
7455
7456
7457
7457
7459
7459
7460
7461
7462
7462
7463
7463
7464
7465
7465
7468
7468
7471
7474
7475
7475
7476
7477
7478
7478
7478
7479
7479
7482
7482
7482
7483
7484
7485
7485
7485
7486
7488
7488
7489
7489
7490
7491
7493
7494
7495
7498
7498
7499
7501
7501
7501
7502
7503
7503
7506
7506
7506
7507
7507
7507
7507
7509
7510
7512
7512
7513
7513
7514
7515
7516
7516
7519
7520
7520
7521
7523
7525
7526
7526
7527
7527
7529
7530
7530
7532
7533
7534
7537
7537
7541
7542
7542
7543
7544
7545
7548
7548
7550
7550
7551
7552
7553
7553
7553
7556
7558
7559
7560
7560
7560
7561
7562
7563
7563
7564
7565
7565
7566
7568
7568
7569
7570
7571
7571
7576
7577
7583
7584
7585
7586
7587
7588
7589
7590
7590
7590
7591
7591
7591
7592
7592
7592
7592
7594
7599
7600
7601
7604
7604
7610
7610
7611
7616
7618
7619
7620
7621
7621
7621
7623
7625
7628
7628
7629
7629
7630
7634
7635
7637
7637
7639
7639
7640
7641
7642
7643
7643
7644
7646
7649
7649
7649
7649
7649
7650
7650
7650
7654
7654
7655
7655
7656
7656
7656
7658
7659
7660
7662
7662
7663
7664
7665
7665
7666
7667
7668
7669
7669
7670
7670
7670
7672
7673
7675
7675
7675
7675
7676
7676
7677
7680
7683
7683
7684
7686
7687
7688
7688
7689
7689
7690
7692
7693
7694
7699
7699
7701
7702
7702
7702
7704
7705
7705
7706
7706
7707
7707
7708
7710
7711
7713
7716
7716
7716
7717
7717
7718
7718
7718
7719
7720
7721
7722
7723
7723
7723
7726
7728
7728
7729
7729
7729
7729
7730
7731
7734
7734
7735
7736
7738
7739
7740
7740
7741
7744
7745
7745
7748
7748
7749
7749
7749
7751
7752
7755
7756
7757
7758
7759
7759
7764
7766
7766
7767
7767
7768
7770
7770
7770
7772
7774
7775
7777
7778
7780
7780
7781
7781
7783
7786
7786
7787
7787
7787
7787
7788
7789
7790
7790
7791
7792
7795
7796
7796
7797
7798
7802
7804
7805
7805
7805
7805
7805
7806
7808
7808
7810
7812
7812
7813
7814
7819
7819
7821
7821
7822
7823
7823
7823
7824
7825
7825
7825
7826
7827
7828
7828
7829
7829
7830
7834
7835
7838
7838
7840
7840
7841
7841
7842
7842
7843
7844
7844
7845
7846
7847
7848
7848
7849
7849
7851
7853
7854
7855
7855
7857
7857
7861
7863
7864
7865
7865
7868
7868
7869
7870
7871
7871
7872
7872
7875
7876
7877
7877
7877
7877
7878
7878
7878
7879
7880
7880
7881
7881
7882
7882
7883
7883
7885
7885
7887
7890
7891
7891
7891
7891
7893
7897
7897
7898
7899
7899
7900
7900
7901
7901
7902
7903
7904
7904
7906
7906
7907
7911
7914
7916
7917
7917
7919
7921
7921
7922
7925
7925
7926
7926
7928
7930
7932
7932
7932
7934
7936
7936
7937
7937
7937
7938
7939
7939
7942
7943
7943
7945
7945
7946
7947
7948
7948
7948
7948
7950
7954
7954
7955
7955
7957
7957
7959
7959
7960
7961
7961
7964
7966
7967
7971
7972
7972
7973
7973
7977
7979
7979
7980
7980
7983
7983
7983
7985
7986
7986
7986
7986
7989
7989
7990
7991
7993
7995
7995
7995
7996
7997
7998
7998
8001
8004
8004
8004
8005
8005
8006
8008
8009
8011
8012
8013
8014
8015
8015
8016
8016
8017
8017
8018
8018
8020
8020
8021
8021
8024
8024
8026
8027
8028
8028
8029
8030
8031
8031
8031
8032
8033
8033
8033
8034
8034
8034
8036
8036
8037
8037
8037
8037
8037
8038
8039
8040
8042
8042
8044
8044
8045
8046
8049
8049
8049
8051
8053
8054
8054
8054
8055
8056
8056
8056
8057
8058
8060
8062
8062
8064
8064
8065
8066
8067
8067
8068
8069
8069
8069
8070
8074
8074
8074
8075
8076
8076
8077
8077
8079
8081
8082
8083
8085
8086
8086
8087
8088
8090
8091
8091
8093
8095
8096
8096
8097
8097
8097
8098
8101
8101
8101
8103
8103
8105
8105
8107
8107
8110
8110
8113
8114
8115
8116
8116
8117
8118
8119
8119
8121
8121
8122
8122
8122
8124
8125
8125
8126
8126
8128
8128
8129
8130
8132
8133
8134
8135
8136
8136
8136
8136
8139
8139
8140
8141
8141
8142
8144
8145
8147
8148
8149
8152
8152
8153
8154
8155
8155
8156
8157
8158
8158
8159
8159
8160
8161
8161
8164
8164
8164
8165
8165
8167
8168
8169
8170
8171
8171
8171
8173
8174
8175
8175
8179
8179
8180
8180
8181
8186
8189
8189
8189
8191
8192
8197
8197
8197
8199
8200
8200
8201
8204
8205
8205
8206
8207
8208
8208
8209
8210
8210
8211
8212
8212
8213
8213
8218
8220
8222
8225
8225
8226
8227
8228
8229
8229
8229
8230
8231
8232
8233
8236
8236
8237
8237
8237
8242
8243
8244
8245
8245
8246
8248
8248
8248
8249
8249
8249
8250
8252
8253
8254
8255
8256
8258
8259
8259
8260
8260
8261
8262
8263
8263
8264
8264
8264
8266
8266
8272
8272
8273
8280
8284
8286
8286
8289
8292
8292
8295
8296
8297
8298
8299
8299
8300
8305
8307
8308
8310
8313
8314
8314
8315
8315
8317
8317
8319
8320
8322
8322
8323
8324
8325
8326
8327
8330
8330
8330
8331
8331
8334
8335
8336
8340
8345
8345
8346
8346
8347
8347
8348
8348
8352
8352
8353
8357
8360
8361
8361
8361
8361
8362
8363
8365
8366
8368
8368
8369
8372
8372
8373
8374
8375
8376
8376
8376
8376
8377
8378
8378
8379
8380
8381
8382
8383
8383
8386
8386
8387
8389
8389
8390
8390
8394
8395
8396
8399
8400
8400
8401
8401
8401
8401
8402
8402
8404
8406
8406
8407
8411
8411
8412
8412
8413
8415
8415
8416
8416
8420
8421
8421
8422
8423
8423
8424
8425
8425
8428
8430
8431
8431
8431
8432
8432
8437
8438
8440
8441
8442
8443
8444
8444
8447
8447
8447
8449
8451
8451
8452
8453
8453
8458
8458
8460
8461
8463
8465
8468
8468
8471
8471
8472
8472
8473
8474
8474
8474
8479
8480
8482
8482
8484
8484
8484
8485
8486
8486
8488
8488
8490
8490
8490
8492
8492
8493
8493
8494
8495
8495
8495
8497
8499
8500
8501
8501
8501
8503
8504
8506
8506
8506
8507
8509
8510
8512
8512
8515
8516
8516
8517
8519
8520
8522
8524
8526
8527
8528
8529
8529
8529
8532
8533
8533
8534
8537
8541
8542
8544
8545
8546
8547
8549
8550
8552
8554
8554
8554
8555
8557
8561
8561
8562
8562
8564
8564
8565
8568
8569
8571
8573
8574
8574
8574
8574
8576
8576
8577
8579
8579
8580
8582
8582
8582
8583
8584
8585
8585
8586
8587
8591
8592
8592
8593
8593
8594
8595
8595
8595
8597
8597
8598
8599
8602
8603
8605
8605
8606
8607
8608
8608
8610
8610
8611
8612
8612
8615
8616
8618
8620
8620
8620
8621
8623
8624
8625
8625
8628
8629
8630
8630
8631
8631
8632
8633
8635
8635
8637
8639
8639
8642
8642
8643
8643
8646
8649
8653
8653
8653
8657
8657
8658
8660
8660
8660
8661
8664
8665
8667
8667
8670
8670
8671
8673
8674
8675
8677
8680
8683
8684
8686
8686
8689
8689
8690
8690
8696
8696
8697
8697
8699
8700
8701
8701
8702
8702
8703
8704
8705
8706
8706
8708
8708
8708
8709
8712
8712
8714
8714
8715
8717
8718
8719
8720
8720
8721
8722
8723
8725
8725
8725
8726
8726
8727
8727
8728
8729
8732
8733
8735
8735
8737
8737
8738
8738
8739
8742
8742
8743
8743
8744
8747
8749
8750
8750
8754
8756
8758
8758
8759
8759
8760
8761
8766
8767
8769
8769
8770
8770
8770
8772
8772
8774
8774
8774
8775
8778
8779
8781
8783
8783
8783
8783
8784
8784
8785
8785
8786
8788
8790
8790
8790
8790
8792
8793
8795
8795
8796
8802
8803
8803
8804
8804
8805
8806
8807
8808
8810
8810
8812
8812
8812
8813
8814
8814
8815
8816
8816
8816
8816
8817
8818
8818
8818
8819
8819
8820
8821
8821
8822
8823
8823
8823
8823
8824
8825
8825
8825
8826
8826
8826
8826
8827
8827
8827
8828
8830
8830
8830
8830
8831
8832
8832
8834
8837
8838
8838
8840
8840
8840
8841
8841
8843
8844
8844
8845
8846
8847
8847
8849
8849
8849
8849
8850
8850
8851
8851
8856
8857
8858
8859
8859
8860
8862
8862
8863
8864
8865
8865
8865
8868
8870
8870
8870
8870
8871
8872
8872
8874
8876
8876
8878
8878
8878
8881
8882
8883
8883
8885
8886
8886
8888
8888
8888
8889
8891
8891
8892
8892
8892
8893
8895
8896
8896
8896
8899
8900
8901
8903
8903
8905
8906
8906
8908
8910
8911
8913
8918
8918
8919
8920
8921
8922
8922
8922
8923
8923
8928
8928
8929
8929
8931
8933
8934
8934
8935
8935
8936
8936
8937
8938
8941
8942
8943
8945
8945
8945
8946
8946
8947
8948
8953
8953
8956
8958
8960
8961
8964
8965
8965
8968
8969
8970
8970
8971
8973
8973
8973
8974
8974
8975
8975
8975
8976
8977
8977
8979
8979
8980
8981
8982
8982
8982
8983
8984
8984
8986
8988
8989
8992
8992
8993
8993
8997
8997
8997
8998
8999
9000
9001
9002
9002
9002
9004
9007
9007
9008
9008
9008
9008
9009
9010
9013
9014
9014
9015
9016
9017
9017
9018
9018
9019
9021
9022
9024
9025
9027
9028
9029
9029
9030
9030
9031
9032
9032
9032
9033
9033
9034
9037
9037
9038
9040
9041
9041
9043
9047
9049
9050
9054
9056
9057
9058
9059
9060
9061
9063
9063
9064
9064
9064
9064
9066
9067
9068
9069
9069
9070
9072
9072
9073
9075
9078
9080
9080
9080
9081
9082
9084
9084
9087
9088
9088
9088
9088
9090
9090
9091
9091
9092
9092
9092
9092
9092
9093
9095
9096
9096
9098
9098
9099
9099
9099
9100
9100
9101
9103
9106
9107
9109
9109
9112
9119
9120
9121
9122
9123
9125
9126
9128
9128
9130
9132
9133
9133
9133
9134
9135
9135
9137
9137
9140
9140
9141
9141
9143
9144
9144
9146
9146
9146
9148
9149
9150
9150
9150
9151
9152
9152
9153
9155
9156
9156
9156
9159
9161
9163
9164
9164
9165
9165
9165
9166
9166
9166
9167
9168
9170
9171
9172
9172
9173
9174
9177
9178
9179
9180
9183
9187
9188
9189
9191
9191
9192
9193
9193
9193
9194
9195
9196
9196
9202
9202
9202
9202
9203
9204
9204
9204
9205
9206
9206
9207
9207
9209
9209
9210
9211
9211
9212
9212
9214
9215
9217
9218
9218
9220
9221
9222
9222
9223
9224
9225
9227
9228
9229
9230
9231
9231
9232
9233
9234
9237
9237
9238
9238
9240
9241
9241
9242
9242
9244
9247
9247
9248
9249
9251
9251
9252
9252
9252
9254
9256
9257
9258
9259
9260
9260
9262
9263
9263
9263
9265
9265
9265
9267
9269
9269
9271
9271
9275
9276
9276
9276
9277
9278
9282
9283
9283
9284
9285
9286
9286
9287
9288
9292
9292
9295
9295
9295
9296
9296
9297
9298
9299
9300
9300
9300
9300
9304
9305
9306
9306
9307
9309
9310
9310
9310
9311
9312
9314
9314
9315
9317
9318
9318
9318
9320
9321
9322
9325
9326
9326
9327
9328
9329
9329
9329
9331
9332
9332
9332
9332
9333
9335
9335
9336
9337
9339
9340
9343
9344
9344
9345
9348
9348
9348
9351
9351
9351
9351
9353
9354
9356
9356
9357
9357
9358
9358
9360
9361
9361
9366
9368
9370
9371
9374
9375
9375
9375
9377
9378
9378
9379
9382
9383
9384
9385
9385
9386
9386
9388
9389
9391
9391
9392
9392
9394
9395
9395
9395
9397
9398
9398
9399
9400
9400
9402
9402
9402
9405
9405
9406
9408
9408
9408
9410
9413
9413
9414
9414
9414
9415
9416
9416
9416
9416
9417
9418
9419
9419
9420
9420
9421
9422
9424
9424
9425
9425
9426
9427
9432
9432
9432
9433
9437
9438
9439
9442
9442
9442
9443
9443
9444
9445
9445
9445
9446
9447
9448
9448
9451
9453
9454
9456
9456
9457
9457
9458
9459
9460
9461
9462
9462
9464
9464
9464
9467
9467
9468
9470
9471
9471
9472
9473
9475
9475
9476
9477
9478
9478
9478
9478
9479
9479
9480
9482
9483
9484
9484
9485
9486
9486
9486
9486
9486
9486
9486
9487
9488
9488
9489
9489
9489
9490
9491
9492
9492
9494
9497
9497
9499
9500
9500
9501
9502
9502
9502
9504
9504
9505
9506
9507
9509
9509
9510
9512
9513
9513
9513
9514
9514
9514
9514
9517
9518
9518
9519
9520
9523
9524
9524
9524
9525
9525
9527
9527
9527
9528
9530
9530
9532
9534
9535
9535
9536
9537
9538
9539
9540
9542
9545
9546
9547
9548
9550
9550
9553
9554
9555
9555
9558
9558
9559
9559
9560
9560
9561
9563
9563
9563
9563
9564
9565
9565
9566
9567
9568
9568
9568
9569
9570
9571
9571
9573
9574
9575
9575
9578
9582
9588
9588
9590
9591
9591
9592
9593
9593
9594
9595
9595
9596
9596
9601
9602
9602
9603
9603
9604
9604
9605
9605
9605
9606
9608
9610
9611
9611
9612
9612
9613
9614
9614
9614
9615
9617
9617
9619
9620
9621
9621
9621
9622
9622
9622
9622
9624
9625
9626
9626
9628
9631
9631
9632
9632
9633
9633
9635
9635
9636
9638
9639
9639
9640
9641
9642
9643
9644
9644
9645
9646
9647
9647
9648
9649
9650
9651
9652
9653
9655
9656
9659
9660
9660
9661
9661
9669
9669
9670
9670
9671
9671
9671
9672
9674
9675
9677
9679
9679
9680
9681
9681
9683
9688
9691
9692
9692
9694
9694
9696
9696
9696
9696
9696
9701
9702
9702
9703
9703
9704
9705
9707
9708
9708
9708
9708
9709
9711
9713
9714
9717
9718
9718
9718
9720
9721
9722
9722
9723
9724
9725
9726
9726
9726
9727
9728
9728
9729
9731
9731
9732
9732
9733
9733
9733
9733
9734
9736
9736
9737
9737
9738
9739
9739
9742
9743
9744
9746
9747
9750
9751
9751
9756
9756
9758
9758
9758
9761
9761
9761
9762
9763
9763
9765
9765
9769
9770
9771
9773
9774
9774
9777
9778
9779
9779
9781
9781
9781
9783
9783
9783
9788
9793
9793
9794
9795
9797
9798
9799
9800
9801
9801
9802
9802
9803
9804
9804
9804
9805
9805
9807
9807
9808
9809
9809
9810
9810
9810
9812
9812
9813
9819
9821
9821
9822
9822
9823
9825
9825
9825
9826
9827
9828
9828
9828
9828
9829
9832
9833
9834
9835
9835
9836
9836
9838
9839
9839
9840
9841
9842
9842
9842
9844
9845
9849
9851
9853
9854
9855
9855
9857
9858
9859
9859
9860
9864
9864
9865
9865
9866
9870
9870
9870
9871
9872
9872
9873
9874
9874
9877
9878
9878
9878
9879
9881
9881
9881
9882
9883
9883
9884
9884
9886
9886
9887
9889
9889
9890
9891
9892
9892
9892
9893
9893
9893
9893
9894
9895
9895
9895
9896
9897
9898
9899
9901
9902
9902
9904
9906
9908
9908
9909
9909
9910
9915
9916
9918
9923
9923
9924
9925
9926
9928
9928
9928
9929
9930
9930
9932
9932
9932
9933
9934
9934
9937
9938
9939
9940
9941
9941
9941
9943
9944
9947
9951
9952
9952
9952
9953
9953
9954
9955
9956
9956
9956
9956
9957
9957
9959
9959
9963
9964
9964
9965
9966
9969
9969
9970
9970
9972
9972
9974
9975
9975
9975
9977
9977
9979
9984
9986
9987
9988
9989
9989
9989
9990
9990
9990
9992
9993
9994
9994
9994
9995
9995
9996
9997
9997
9997
10000
